H, ύ	X, μμ	Y, μμ
-274.35	0	0
-284.94	1	0
-298.48	2	0
-309.73	3	0
-324.45	4	0
-337.72	5	0
-353.90	6	0
-368.83	7	0
-387.68	8	0
-404.16	9	0
-424.23	10	0
-443.43	11	0
-467.19	12	0
-489.59	13	0
-516.15	14	0
-549.14	15	0
-576.56	16	0
-611.13	17	0
-642.03	18	0
-677.78	19	0
-715.57	20	0
-760.86	21	0
-806.76	22	0
-861.97	23	0
-916.31	24	0
-982.75	25	0
-1047.01	26	0
-1129.39	27	0
-1215.10	28	0
-1324.84	29	0
-1294.10	30	0
-274.25	0	1
-285.48	1	1
-299.30	2	1
-311.53	3	1
-326.75	4	1
-340.93	5	1
-358.42	6	1
-374.18	7	1
-394.33	8	1
-411.38	9	1
-432.97	10	1
-452.33	11	1
-475.90	12	1
-498.40	13	1
-526.33	14	1
-559.96	15	1
-590.18	16	1
-625.81	17	1
-657.76	18	1
-696.38	19	1
-734.35	20	1
-783.05	21	1
-827.12	22	1
-883.21	23	1
-937.37	24	1
-1006.74	25	1
-1071.98	26	1
-1156.37	27	1
-1238.87	28	1
-1349.81	29	1
-1450.99	30	1
-277.59	0	2
-289.46	1	2
-304.58	2	2
-317.70	3	2
-333.81	4	2
-348.12	5	2
-365.41	6	2
-380.42	7	2
-400.95	8	2
-419.42	9	2
-441.53	10	2
-462.06	11	2
-487.27	12	2
-510.75	13	2
-538.77	14	2
-572.55	15	2
-602.84	16	2
-638.82	17	2
-671.87	18	2
-712.62	19	2
-750.98	20	2
-799.28	21	2
-843.67	22	2
-900.17	23	2
-954.29	24	2
-1021.19	25	2
-1086.80	26	2
-1168.58	27	2
-1247.49	28	2
-1361.11	29	2
-1464.73	30	2
-283.66	0	3
-295.08	1	3
-310.17	2	3
-323.49	3	3
-339.77	4	3
-354.61	5	3
-373.08	6	3
-388.88	7	3
-409.17	8	3
-427.47	9	3
-450.19	10	3
-470.88	11	3
-496.22	12	3
-520.63	13	3
-550.09	14	3
-583.77	15	3
-613.28	16	3
-650.21	17	3
-683.21	18	3
-723.67	19	3
-760.87	20	3
-808.03	21	3
-851.36	22	3
-906.63	23	3
-962.60	24	3
-1030.65	25	3
-1094.98	26	3
-1177.63	27	3
-1257.31	28	3
-1360.95	29	3
-1461.13	30	3
-288.55	0	4
-300.88	1	4
-315.99	2	4
-329.10	3	4
-345.81	4	4
-360.76	5	4
-379.06	6	4
-395.19	7	4
-416.25	8	4
-434.75	9	4
-457.20	10	4
-477.69	11	4
-503.50	12	4
-527.73	13	4
-556.40	14	4
-590.04	15	4
-618.75	16	4
-653.99	17	4
-687.49	18	4
-728.57	19	4
-765.64	20	4
-812.53	21	4
-855.50	22	4
-910.55	23	4
-963.87	24	4
-1032.11	25	4
-1095.08	26	4
-1178.33	27	4
-1260.21	28	4
-1368.02	29	4
-1470.45	30	4
-293.96	0	5
-308.84	1	5
-322.04	2	5
-337.63	3	5
-351.60	4	5
-369.44	5	5
-385.12	6	5
-404.06	7	5
-421.51	8	5
-442.75	9	5
-461.60	10	5
-486.37	11	5
-509.10	12	5
-536.28	13	5
-559.69	14	5
-593.73	15	5
-627.39	16	5
-657.25	17	5
-695.30	18	5
-729.49	19	5
-774.39	20	5
-815.52	21	5
-867.07	22	5
-916.54	23	5
-980.25	24	5
-1039.84	25	5
-1118.78	26	5
-1193.54	27	5
-1291.46	28	5
-1387.82	29	5
-1511.66	30	5
-294.24	0	6
-309.03	1	6
-321.75	2	6
-336.45	3	6
-349.50	4	6
-366.23	5	6
-381.35	6	6
-400.29	7	6
-416.53	8	6
-437.41	9	6
-456.48	10	6
-480.86	11	6
-502.01	12	6
-529.47	13	6
-552.76	14	6
-587.11	15	6
-620.77	16	6
-651.30	17	6
-690.92	18	6
-728.32	19	6
-775.08	20	6
-818.44	21	6
-873.84	22	6
-928.82	23	6
-997.85	24	6
-1065.64	25	6
-1150.93	26	6
-1235.63	27	6
-1342.18	28	6
-1451.93	29	6
-1584.10	30	6
-290.48	0	7
-304.65	1	7
-317.07	2	7
-332.07	3	7
-345.14	4	7
-362.42	5	7
-377.76	6	7
-397.22	7	7
-414.95	8	7
-436.79	9	7
-456.46	10	7
-482.20	11	7
-505.32	12	7
-535.67	13	7
-561.85	14	7
-598.38	15	7
-636.21	16	7
-669.86	17	7
-713.36	18	7
-752.03	19	7
-799.47	20	7
-847.33	21	7
-907.10	22	7
-967.10	23	7
-1039.62	24	7
-1110.21	25	7
-1197.27	26	7
-1283.15	27	7
-1395.63	28	7
-1510.01	29	7
-1647.15	30	7
-290.62	0	8
-305.27	1	8
-318.27	2	8
-333.78	3	8
-347.98	4	8
-365.90	5	8
-382.69	6	8
-403.88	7	8
-422.53	8	8
-445.54	9	8
-466.58	10	8
-493.02	11	8
-516.77	12	8
-545.51	13	8
-572.84	14	8
-611.53	15	8
-650.77	16	8
-687.00	17	8
-730.65	18	8
-772.05	19	8
-820.87	20	8
-869.22	21	8
-929.72	22	8
-989.31	23	8
-1060.18	24	8
-1132.34	25	8
-1221.77	26	8
-1308.39	27	8
-1420.43	28	8
-1530.65	29	8
-1667.86	30	8
-293.04	0	9
-308.24	1	9
-322.19	2	9
-338.83	3	9
-353.88	4	9
-372.73	5	9
-389.59	6	9
-410.14	7	9
-427.94	8	9
-451.38	9	9
-473.58	10	9
-500.14	11	9
-525.72	12	9
-556.33	13	9
-584.44	14	9
-622.09	15	9
-660.68	16	9
-697.72	17	9
-741.11	18	9
-783.42	19	9
-834.63	20	9
-882.93	21	9
-941.34	22	9
-1001.57	23	9
-1072.54	24	9
-1142.99	25	9
-1229.91	26	9
-1313.83	27	9
-1419.26	28	9
-1523.80	29	9
-1660.62	30	9
-296.55	0	10
-312.43	1	10
-326.20	2	10
-342.17	3	10
-357.07	4	10
-376.39	5	10
-393.35	6	10
-415.02	7	10
-434.05	8	10
-457.56	9	10
-478.63	10	10
-504.99	11	10
-530.70	12	10
-561.61	13	10
-589.90	14	10
-628.24	15	10
-667.61	16	10
-702.94	17	10
-746.19	18	10
-788.46	19	10
-838.98	20	10
-885.14	21	10
-942.53	22	10
-998.68	23	10
-1067.85	24	10
-1135.11	25	10
-1225.78	26	10
-1307.31	27	10
-1412.42	28	10
-1516.13	29	10
-1642.53	30	10
-299.17	0	11
-315.45	1	11
-329.86	2	11
-346.73	3	11
-361.31	4	11
-379.54	5	11
-396.74	6	11
-418.35	7	11
-437.54	8	11
-461.07	9	11
-482.90	10	11
-509.51	11	11
-533.77	12	11
-564.31	13	11
-592.92	14	11
-630.70	15	11
-668.53	16	11
-702.13	17	11
-744.23	18	11
-783.37	19	11
-833.80	20	11
-880.53	21	11
-937.64	22	11
-991.13	23	11
-1059.83	24	11
-1124.91	25	11
-1210.25	26	11
-1286.93	27	11
-1386.53	28	11
-1482.26	29	11
-1609.15	30	11
-301.40	0	12
-317.66	1	12
-331.48	2	12
-348.37	3	12
-363.45	4	12
-382.01	5	12
-398.40	6	12
-419.86	7	12
-438.56	8	12
-461.87	9	12
-482.82	10	12
-508.72	11	12
-531.81	12	12
-561.54	13	12
-588.06	14	12
-626.23	15	12
-663.44	16	12
-695.53	17	12
-736.82	18	12
-775.00	19	12
-822.92	20	12
-866.39	21	12
-921.10	22	12
-974.59	23	12
-1042.52	24	12
-1107.14	25	12
-1189.85	26	12
-1266.95	27	12
-1368.47	28	12
-1466.11	29	12
-1587.59	30	12
-302.08	0	13
-317.69	1	13
-331.28	2	13
-347.36	3	13
-361.61	4	13
-379.10	5	13
-395.99	6	13
-416.48	7	13
-433.92	8	13
-456.33	9	13
-476.13	10	13
-501.13	11	13
-523.68	12	13
-552.08	13	13
-577.53	14	13
-614.44	15	13
-649.85	16	13
-681.07	17	13
-722.20	18	13
-759.17	19	13
-806.22	20	13
-849.30	21	13
-904.96	22	13
-960.96	23	13
-1030.12	24	13
-1097.82	25	13
-1183.17	26	13
-1264.87	27	13
-1368.55	28	13
-1475.31	29	13
-1610.69	30	13
-297.46	0	14
-312.22	1	14
-325.00	2	14
-340.79	3	14
-354.76	4	14
-372.25	5	14
-388.19	6	14
-408.12	7	14
-425.67	8	14
-447.51	9	14
-467.76	10	14
-493.21	11	14
-516.85	12	14
-546.55	13	14
-567.07	14	14
-608.41	15	14
-638.60	16	14
-679.58	17	14
-717.17	18	14
-763.28	19	14
-808.19	20	14
-863.06	21	14
-915.49	22	14
-980.84	23	14
-1045.22	24	14
-1122.81	25	14
-1201.94	26	14
-1303.89	27	14
-1404.59	28	14
-1532.31	29	14
-1656.84	30	14
-291.10	0	15
-303.63	1	15
-318.90	2	15
-332.93	3	15
-350.05	4	15
-365.15	5	15
-384.06	6	15
-401.66	7	15
-423.49	8	15
-444.41	9	15
-469.25	10	15
-491.60	11	15
-519.51	12	15
-546.14	13	15
-578.58	14	15
-615.64	15	15
-648.54	16	15
-690.26	17	15
-729.40	18	15
-778.33	19	15
-824.64	20	15
-880.25	21	15
-931.67	22	15
-997.15	23	15
-1064.71	24	15
-1146.86	25	15
-1225.45	26	15
-1326.73	27	15
-1423.11	28	15
-1547.27	29	15
-1673.39	30	15
-289.57	0	16
-302.18	1	16
-318.23	2	16
-333.07	3	16
-351.32	4	16
-366.60	5	16
-386.81	6	16
-404.42	7	16
-426.77	8	16
-445.95	9	16
-470.30	10	16
-492.17	11	16
-521.64	12	16
-548.10	13	16
-581.86	14	16
-620.64	15	16
-653.43	16	16
-693.50	17	16
-732.06	18	16
-779.67	19	16
-826.02	20	16
-880.27	21	16
-933.84	22	16
-997.94	23	16
-1061.80	24	16
-1142.40	25	16
-1220.54	26	16
-1316.01	27	16
-1407.67	28	16
-1525.10	29	16
-1640.41	30	16
-291.47	0	17
-304.44	1	17
-321.49	2	17
-336.19	3	17
-353.50	4	17
-368.20	5	17
-387.77	6	17
-405.99	7	17
-428.27	8	17
-448.95	9	17
-473.80	10	17
-495.41	11	17
-522.82	12	17
-549.59	13	17
-582.58	14	17
-620.59	15	17
-653.74	16	17
-694.71	17	17
-731.65	18	17
-777.85	19	17
-823.31	20	17
-878.11	21	17
-927.12	22	17
-988.93	23	17
-1049.35	24	17
-1124.47	25	17
-1195.90	26	17
-1293.86	27	17
-1385.70	28	17
-1501.62	29	17
-1613.16	30	17
-292.69	0	18
-305.66	1	18
-322.35	2	18
-336.89	3	18
-355.01	4	18
-369.58	5	18
-388.42	6	18
-406.05	7	18
-428.05	8	18
-448.43	9	18
-472.85	10	18
-494.68	11	18
-522.47	12	18
-547.98	13	18
-579.49	14	18
-617.54	15	18
-650.17	16	18
-688.78	17	18
-723.52	18	18
-767.60	19	18
-809.71	20	18
-859.57	21	18
-909.48	22	18
-971.54	23	18
-1028.29	24	18
-1103.67	25	18
-1173.02	26	18
-1262.13	27	18
-1344.79	28	18
-1453.40	29	18
-1556.16	30	18
-293.59	0	19
-306.05	1	19
-322.75	2	19
-337.00	3	19
-354.54	4	19
-369.62	5	19
-388.25	6	19
-405.74	7	19
-426.88	8	19
-446.57	9	19
-470.74	10	19
-491.86	11	19
-518.41	12	19
-542.67	13	19
-573.05	14	19
-607.56	15	19
-638.32	16	19
-677.75	17	19
-711.13	18	19
-754.47	19	19
-794.11	20	19
-842.99	21	19
-888.07	22	19
-947.47	23	19
-1001.43	24	19
-1072.60	25	19
-1139.87	26	19
-1228.84	27	19
-1312.30	28	19
-1419.30	29	19
-1523.54	30	19
-292.87	0	20
-305.41	1	20
-321.50	2	20
-335.41	3	20
-352.06	4	20
-365.98	5	20
-384.03	6	20
-400.22	7	20
-420.68	8	20
-439.36	9	20
-463.00	10	20
-482.61	11	20
-508.29	12	20
-531.30	13	20
-560.03	14	20
-593.72	15	20
-621.95	16	20
-657.94	17	20
-689.67	18	20
-732.12	19	20
-769.85	20	20
-818.34	21	20
-861.53	22	20
-919.42	23	20
-972.98	24	20
-1044.74	25	20
-1111.68	26	20
-1202.12	27	20
-1289.14	28	20
-1399.32	29	20
-1506.85	30	20
-287.81	0	21
-299.34	1	21
-314.08	2	21
-326.53	3	21
-342.81	4	21
-355.95	5	21
-372.89	6	21
-388.71	7	21
-408.96	8	21
-426.02	9	21
-448.47	10	21
-467.58	11	21
-492.61	12	21
-515.21	13	21
-544.75	14	21
-580.10	15	21
-608.86	16	21
-646.23	17	21
-678.29	18	21
-723.25	19	21
-766.18	20	21
-818.08	21	21
-865.60	22	21
-927.25	23	21
-987.63	24	21
-1065.72	25	21
-1136.39	26	21
-1227.19	27	21
-1322.79	28	21
-1444.26	29	21
-1566.73	30	21
-280.62	0	22
-291.88	1	22
-306.39	2	22
-318.90	3	22
-334.97	4	22
-349.11	5	22
-366.47	6	22
-382.57	7	22
-403.16	8	22
-421.27	9	22
-446.03	10	22
-467.16	11	22
-493.62	12	22
-517.43	13	22
-548.18	14	22
-583.43	15	22
-614.10	16	22
-650.44	17	22
-685.99	18	22
-731.04	19	22
-775.30	20	22
-828.07	21	22
-877.04	22	22
-936.67	23	22
-996.25	24	22
-1072.81	25	22
-1148.31	26	22
-1241.83	27	22
-1335.59	28	22
-1453.16	29	22
-1567.68	30	22
-278.24	0	23
-289.74	1	23
-304.60	2	23
-317.56	3	23
-334.66	4	23
-349.35	5	23
-367.72	6	23
-384.30	7	23
-405.33	8	23
-423.89	9	23
-446.98	10	23
-466.12	11	23
-492.35	12	23
-517.17	13	23
-547.11	14	23
-583.05	15	23
-614.75	16	23
-651.93	17	23
-685.29	18	23
-727.69	19	23
-771.58	20	23
-822.72	21	23
-870.00	22	23
-929.97	23	23
-988.63	24	23
-1061.27	25	23
-1133.40	26	23
-1225.82	27	23
-1314.51	28	23
-1424.01	29	23
-1532.00	30	23
-277.32	0	24
-289.23	1	24
-304.41	2	24
-318.27	3	24
-335.26	4	24
-349.11	5	24
-365.98	6	24
-382.28	7	24
-403.29	8	24
-421.41	9	24
-444.99	10	24
-465.68	11	24
-490.65	12	24
-513.98	13	24
-542.36	14	24
-577.69	15	24
-608.24	16	24
-644.90	17	24
-678.41	18	24
-720.29	19	24
-759.96	20	24
-809.40	21	24
-855.27	22	24
-912.85	23	24
-966.38	24	24
-1035.55	25	24
-1099.28	26	24
-1184.55	27	24
-1268.81	28	24
-1381.24	29	24
-1484.96	30	24
-277.38	0	25
-288.70	1	25
-304.13	2	25
-317.67	3	25
-334.26	4	25
-348.64	5	25
-365.98	6	25
-381.69	7	25
-401.34	8	25
-419.14	9	25
-441.97	10	25
-462.18	11	25
-486.49	12	25
-510.14	13	25
-538.20	14	25
-571.12	15	25
-600.64	16	25
-636.38	17	25
-668.17	18	25
-707.24	19	25
-744.51	20	25
-777.25	21	25
-824.35	22	25
-871.73	23	25
-932.35	24	25
-988.90	25	25
-1059.47	26	25
-1129.05	27	25
-1217.99	28	25
-1300.58	29	25
-1406.66	30	25
-272.63	0	26
-285.72	1	26
-297.87	2	26
-313.02	3	26
-326.64	4	26
-343.08	5	26
-357.32	6	26
-374.87	7	26
-391.28	8	26
-411.09	9	26
-429.43	10	26
-451.58	11	26
-471.91	12	26
-496.67	13	26
-518.96	14	26
-549.27	15	26
-579.40	16	26
-606.43	17	26
-642.80	18	26
-674.17	19	26
-713.80	20	26
-749.99	21	26
-795.01	22	26
-837.51	23	26
-892.34	24	26
-943.42	25	26
-1007.37	26	26
-1071.12	27	26
-1155.17	28	26
-1235.84	29	26
-1338.00	30	26
-270.15	0	27
-283.03	1	27
-295.01	2	27
-309.63	3	27
-322.87	4	27
-338.61	5	27
-352.01	6	27
-368.16	7	27
-383.82	8	27
-402.24	9	27
-418.80	10	27
-440.59	11	27
-459.57	12	27
-482.09	13	27
-503.77	14	27
-532.24	15	27
-560.74	16	27
-585.72	17	27
-617.84	18	27
-645.69	19	27
-684.03	20	27
-718.56	21	27
-760.93	22	27
-801.16	23	27
-853.06	24	27
-901.54	25	27
-964.55	26	27
-1024.80	27	27
-1104.15	28	27
-1182.18	29	27
-1285.44	30	27
-265.66	0	28
-277.25	1	28
-288.11	2	28
-301.99	3	28
-313.50	4	28
-327.94	5	28
-340.12	6	28
-355.32	7	28
-369.85	8	28
-388.28	9	28
-404.11	10	28
-423.80	11	28
-441.50	12	28
-463.27	13	28
-484.25	14	28
-512.20	15	28
-540.46	16	28
-566.26	17	28
-598.99	18	28
-627.98	19	28
-665.57	20	28
-701.76	21	28
-748.24	22	28
-791.30	23	28
-845.92	24	28
-899.39	25	28
-966.69	26	28
-1031.92	27	28
-1117.92	28	28
-1197.62	29	28
-1318.44	30	28
