H, ύ	X, μμ	Y, μμ
125.67	0	0
171.93	2	0
229.89	4	0
302.55	6	0
393.44	8	0
508.91	10	0
651.99	12	0
835.89	14	0
1108.09	16	0
1423.01	18	0
71.35	0	2
110.18	2	2
160.68	4	2
224.81	6	2
307.02	8	2
412.71	10	2
544.32	12	2
717.26	14	2
966.65	16	2
1254.19	18	2
7.29	0	4
38.45	2	4
79.83	4	4
132.94	6	4
201.82	8	4
290.70	10	4
402.48	12	4
550.10	14	4
758.08	16	4
1000.03	18	4
-59.44	0	6
-37.00	2	6
-6.31	4	6
33.33	6	6
83.26	8	6
151.81	10	6
238.14	12	6
349.98	14	6
517.45	16	6
701.73	18	6
-135.74	0	8
-124.25	2	8
-109.34	4	8
-88.47	6	8
-60.00	8	8
-20.64	10	8
32.19	12	8
104.56	14	8
210.42	16	8
323.02	18	8
-215.32	0	10
-219.25	2	10
-222.58	4	10
-222.60	6	10
-217.80	8	10
-208.99	10	10
-192.97	12	10
-170.22	14	10
-127.63	16	10
-70.59	18	10
-294.42	0	12
-312.89	2	12
-332.27	4	12
-353.00	6	12
-373.73	8	12
-395.43	10	12
-418.10	12	12
-442.31	14	12
-465.44	16	12
-484.00	18	12
-374.29	0	14
-406.87	2	14
-442.78	4	14
-485.70	6	14
-532.60	8	14
-584.59	10	14
-648.48	12	14
-722.78	14	14
-818.66	16	14
-918.43	18	14
-450.25	0	16
-496.53	2	16
-548.86	4	16
-613.15	6	16
-682.27	8	16
-768.52	10	16
-869.42	12	16
-994.26	14	16
-1154.22	16	16
-1343.29	18	16
-524.31	0	18
-584.62	2	18
-655.72	4	18
-737.40	6	18
-830.20	8	18
-946.11	10	18
-1084.75	12	18
-1249.03	14	18
-1478.58	16	18
-1745.44	18	18
-592.31	0	20
-665.73	2	20
-748.98	4	20
-846.55	6	20
-960.62	8	20
-1100.51	10	20
-1265.18	12	20
-1467.55	14	20
-1740.90	16	20
-2062.36	18	20
-656.50	0	22
-740.81	2	22
-835.06	4	22
-949.87	6	22
-1079.93	8	22
-1240.43	10	22
-1424.88	12	22
-1652.97	14	22
-1931.56	16	22
-2267.63	18	22
-699.18	0	24
-789.08	2	24
-892.28	4	24
-1014.00	6	24
-1157.46	8	24
-1323.91	10	24
-1524.47	12	24
-1759.87	14	24
-2083.35	16	24
-2414.72	18	24
-751.93	0	26
-848.76	2	26
-962.42	4	26
-1093.22	6	26
-1246.45	8	26
-1422.22	10	26
-1632.88	12	26
-1874.52	14	26
-2204.19	16	26
-2531.70	18	26
-784.91	0	28
-887.85	2	28
-1006.50	4	28
-1144.06	6	28
-1300.44	8	28
-1483.20	10	28
-1694.56	12	28
-1935.78	14	28
-2258.62	16	28
-2578.32	18	28
-812.71	0	30
-920.31	2	30
-1043.63	4	30
-1183.25	6	30
-1345.70	8	30
-1529.81	10	30
-1743.16	12	30
-1980.55	14	30
-2299.60	16	30
-2605.18	18	30
-829.11	0	32
-939.25	2	32
-1062.61	4	32
-1206.38	6	32
-1367.50	8	32
-1551.62	10	32
-1750.04	12	32
-1989.38	14	32
-2271.01	16	32
-2566.33	18	32
-832.18	0	34
-941.69	2	34
-1066.81	4	34
-1206.89	6	34
-1369.99	8	34
-1551.46	10	34
-1760.63	12	34
-1995.17	14	34
-2269.55	16	34
-2559.06	18	34
-829.45	0	36
-937.65	2	36
-1061.15	4	36
-1199.83	6	36
-1360.27	8	36
-1541.04	10	36
-1747.06	12	36
-1976.82	14	36
-2252.99	16	36
-2539.52	18	36
-815.95	0	38
-921.52	2	38
-1041.50	4	38
-1176.82	6	38
-1334.82	8	38
-1512.20	10	38
-1716.42	12	38
-1946.13	14	38
-2221.95	16	38
-2513.11	18	38
-790.83	0	40
-893.39	2	40
-1010.09	4	40
-1142.00	6	40
-1295.83	8	40
-1471.10	10	40
-1673.85	12	40
-1905.00	14	40
-2184.68	16	40
-2481.41	18	40
-757.80	0	42
-855.28	2	42
-968.08	4	42
-1095.53	6	42
-1246.27	8	42
-1417.02	10	42
-1615.19	12	42
-1847.34	14	42
-2129.36	16	42
-2433.22	18	42
-716.96	0	44
-809.10	2	44
-915.56	4	44
-1037.08	6	44
-1178.69	8	44
-1342.22	10	44
-1534.26	12	44
-1750.70	14	44
-2041.04	16	44
-2353.12	18	44
-679.89	0	46
-767.57	2	46
-867.72	4	46
-980.53	6	46
-1114.21	8	46
-1264.82	10	46
-1446.98	12	46
-1665.54	14	46
-1940.35	16	46
-2257.07	18	46
-627.10	0	48
-705.92	2	48
-795.06	4	48
-895.64	6	48
-1015.51	8	48
-1153.74	10	48
-1320.16	12	48
-1514.37	14	48
-1780.02	16	48
-2085.66	18	48
-568.54	0	50
-636.13	2	50
-713.42	4	50
-800.34	6	50
-905.28	8	50
-1026.31	10	50
-1165.87	12	50
-1341.66	14	50
-1572.09	16	50
-1843.49	18	50
-501.78	0	52
-557.85	2	52
-620.95	4	52
-691.11	6	52
-776.45	8	52
-872.59	10	52
-972.24	12	52
-1109.38	14	52
-1293.02	16	52
-1503.78	18	52
-426.01	0	54
-468.13	2	54
-515.75	4	54
-568.92	6	54
-629.50	8	54
-699.36	10	54
-780.80	12	54
-877.33	14	54
-1001.21	16	54
-1144.57	18	54
-355.21	0	56
-384.85	2	56
-417.68	4	56
-452.68	6	56
-490.06	8	56
-533.73	10	56
-581.30	12	56
-632.23	14	56
-698.16	16	56
-770.17	18	56
-281.81	0	58
-298.32	2	58
-315.21	4	58
-331.62	6	58
-345.22	8	58
-360.05	10	58
-370.33	12	58
-378.38	14	58
-382.62	16	58
-383.56	18	58
-199.16	0	60
-200.64	2	60
-199.92	4	60
-194.68	6	60
-183.00	8	60
-164.95	10	60
-136.54	12	60
-94.72	14	60
-32.23	16	60
42.14	18	60
-132.43	0	62
-123.51	2	62
-109.16	4	62
-87.72	6	62
-56.72	8	62
-13.50	10	62
43.52	12	62
121.71	14	62
235.79	16	62
367.46	18	62
-63.10	0	64
-43.27	2	64
-14.47	4	64
22.83	6	64
74.22	8	64
140.12	10	64
226.91	12	64
340.78	14	64
510.22	16	64
700.57	18	64
-5.56	0	66
22.75	2	66
61.70	4	66
111.20	6	66
176.13	8	66
259.87	10	66
366.27	12	66
506.52	14	66
708.51	16	66
952.93	18	66
51.55	0	68
88.82	2	68
137.01	4	68
197.25	6	68
273.97	8	68
371.96	10	68
494.12	12	68
655.47	14	68
890.72	16	68
1168.59	18	68
97.56	0	70
139.48	2	70
193.70	4	70
259.83	6	70
343.30	8	70
447.41	10	70
578.30	12	70
745.77	14	70
989.29	16	70
1275.29	18	70
